(30000, 100, 1e-06, 1, 0.5) ('dropout_param', 'U') -2.3787948303122937
(30000, 100, 1e-06, 1, 0.8) ('n_epochs', 'S') -3.572543465619842
(30000, 100, 1e-06, 1, 0.8) ('n_epochs', 'U') -3.8349672240265384
(30000, 150, 1e-06, 1, 0.8) ('weight_decay', 'D') -2.406097727035313
(30000, 150, 1e-06, 0.01, 0.8) ('weight_decay', 'D') -1.8554222581163171
(30000, 150, 1e-06, 0.001, 0.8) ('n_epochs', 'D') -3.940090864708405
(30000, 100, 1e-06, 0.001, 0.8) ('n_epochs', 'U') -1.7856377909340497
(30000, 150, 1e-06, 0.001, 0.8) ('n_epochs', 'U') -3.677433077903518
(30000, 200, 1e-06, 0.001, 0.8) ('weight_decay', 'D') -2.1086171384850596
(30000, 200, 1e-06, 1e-05, 0.8) ('batch_size', 'D') -1.7047407790080515
(20000, 200, 1e-06, 1e-05, 0.8) ('lr', 'U') -1.8969326960197082
(20000, 200, 0.0001, 1e-05, 0.8) ('n_epochs', 'U') -2.229511019297085
(20000, 250, 0.0001, 1e-05, 0.8) ('n_epochs', 'D') -2.3232892447637505
(20000, 200, 0.0001, 1e-05, 0.8) ('n_epochs', 'S') -2.15942145347445
(20000, 200, 0.0001, 1e-05, 0.8) ('batch_size', 'U') -3.1090667935891574
(30000, 200, 0.0001, 1e-05, 0.8) ('dropout_param', 'D') -3.4416086591458583
(30000, 200, 0.0001, 1e-05, 0.5) ('weight_decay', 'D') -1.6924311528156974
(30000, 200, 0.0001, 1e-08, 0.5) ('n_epochs', 'S') -2.361790664036605
(30000, 200, 0.0001, 1e-08, 0.5) ('n_epochs', 'D') -2.788212188017825
(30000, 150, 0.0001, 1e-08, 0.5) ('lr', 'U') 2.124751884575293
(30000, 150, 0.01, 1e-08, 0.5) ('weight_decay', 'U') 2.001737993430856
(30000, 150, 0.01, 1e-05, 0.5) ('weight_decay', 'D') 2.9758414534390347
(30000, 150, 0.01, 1e-08, 0.5) ('weight_decay', 'U') 3.955604976991914
(30000, 150, 0.01, 1e-05, 0.5) ('weight_decay', 'D') 4.7979441363440944
(30000, 150, 0.01, 1e-08, 0.5) ('weight_decay', 'U') 5.707135438706452
(30000, 150, 0.01, 1e-05, 0.5) ('weight_decay', 'D') 5.724540261268172
(30000, 150, 0.01, 1e-08, 0.5) ('weight_decay', 'U') 8.76828432194058
(30000, 150, 0.01, 1e-05, 0.5) ('weight_decay', 'D') 12.844177439262516
(30000, 150, 0.01, 1e-08, 0.5) ('weight_decay', 'U') 16.873707243722635
(30000, 150, 0.01, 1e-05, 0.5) ('weight_decay', 'D') 15.070910022899414
(30000, 150, 0.01, 1e-08, 0.5) ('weight_decay', 'U') 16.13763741659203
(30000, 150, 0.01, 1e-05, 0.5) ('weight_decay', 'D') 15.489732205562074
(30000, 150, 0.01, 1e-08, 0.5) ('weight_decay', 'U') 15.972537248639181
(30000, 150, 0.01, 1e-05, 0.5) ('weight_decay', 'D') 15.955492285638098
(30000, 150, 0.01, 1e-08, 0.5) ('weight_decay', 'U') 19.273883429998776
(30000, 150, 0.01, 1e-05, 0.5) ('weight_decay', 'D') 18.066404481327368
(30000, 150, 0.01, 1e-08, 0.5) ('weight_decay', 'U') 18.858171173368866
(30000, 150, 0.01, 1e-05, 0.5) ('weight_decay', 'D') 18.596174554840225
(30000, 150, 0.01, 1e-08, 0.5) ('weight_decay', 'U') 18.846285820797352
(30000, 150, 0.01, 1e-05, 0.5) ('weight_decay', 'D') 18.897528230082184
(30000, 150, 0.01, 1e-08, 0.5) ('weight_decay', 'U') 18.930992271566367
(30000, 150, 0.01, 1e-05, 0.5) ('weight_decay', 'D') 19.098529641070492
(30000, 150, 0.01, 1e-08, 0.5) ('weight_decay', 'U') 19.216710824001396
(30000, 150, 0.01, 1e-05, 0.5) ('weight_decay', 'D') 19.193628677917626
(30000, 150, 0.01, 1e-08, 0.5) ('weight_decay', 'U') 19.122375869322255
(30000, 150, 0.01, 1e-05, 0.5) ('weight_decay', 'D') 19.194209055411907
(30000, 150, 0.01, 1e-08, 0.5) ('weight_decay', 'U') 18.820153239399616
(30000, 150, 0.01, 1e-05, 0.5) ('weight_decay', 'D') 19.096600257815112
(30000, 150, 0.01, 1e-08, 0.5) ('weight_decay', 'U') 19.117611141931484
(30000, 150, 0.01, 1e-05, 0.5) ('weight_decay', 'D') 18.422203826879446
(30000, 150, 0.01, 1e-08, 0.5) ('weight_decay', 'U') 18.970366446361837
(30000, 150, 0.01, 1e-05, 0.5) ('weight_decay', 'D') 18.64939525647002
(30000, 150, 0.01, 1e-08, 0.5) ('weight_decay', 'U') 18.925584103250266
(30000, 150, 0.01, 1e-05, 0.5) ('weight_decay', 'D') 18.78716586911624
(30000, 150, 0.01, 1e-08, 0.5) ('weight_decay', 'U') 19.000217189867545
(30000, 150, 0.01, 1e-05, 0.5) ('weight_decay', 'D') 18.906947135283293
(30000, 150, 0.01, 1e-08, 0.5) ('weight_decay', 'U') 19.088632497951423
(30000, 150, 0.01, 1e-05, 0.5) ('weight_decay', 'D') 19.049058143755946
(30000, 150, 0.01, 1e-08, 0.5) ('weight_decay', 'U') 19.09965656984062
(30000, 150, 0.01, 1e-05, 0.5) ('weight_decay', 'D') 19.101163896141664
(30000, 150, 0.01, 1e-08, 0.5) ('weight_decay', 'U') 19.21736773830895
(30000, 150, 0.01, 1e-05, 0.5) ('weight_decay', 'D') 21.723900835665134
(30000, 150, 0.01, 1e-08, 0.5) ('weight_decay', 'U') 19.629681044204244
(30000, 150, 0.01, 1e-05, 0.5) ('weight_decay', 'D') 21.09549498324678
(30000, 150, 0.01, 1e-08, 0.5) ('weight_decay', 'U') 20.058465797987644
(30000, 150, 0.01, 1e-05, 0.5) ('weight_decay', 'D') 20.801003969678824
(30000, 150, 0.01, 1e-08, 0.5) ('weight_decay', 'U') 20.371996746224376
(30000, 150, 0.01, 1e-05, 0.5) ('weight_decay', 'D') 20.68756846493012
(30000, 150, 0.01, 1e-08, 0.5) ('weight_decay', 'U') 20.468271370083247
(30000, 150, 0.01, 1e-05, 0.5) ('weight_decay', 'D') 20.699317110989213
(30000, 150, 0.01, 1e-08, 0.5) ('weight_decay', 'U') 20.59162092487695
(30000, 150, 0.01, 1e-05, 0.5) ('weight_decay', 'D') 20.751035556670978
(30000, 150, 0.01, 1e-08, 0.5) ('weight_decay', 'U') 20.703163867127373
(30000, 150, 0.01, 1e-05, 0.5) ('weight_decay', 'D') 20.824966922697648
(30000, 150, 0.01, 1e-08, 0.5) ('weight_decay', 'U') 20.751193878866008
(30000, 150, 0.01, 1e-05, 0.5) ('weight_decay', 'D') 20.83494217673333
(30000, 150, 0.01, 1e-08, 0.5) ('weight_decay', 'U') 20.785516175818845
(30000, 150, 0.01, 1e-05, 0.5) ('dropout_param', 'U') 1.112029514072204
(30000, 150, 0.01, 1e-05, 0.8) ('n_epochs', 'U') 1.0915665128217098
(30000, 200, 0.01, 1e-05, 0.8) ('n_epochs', 'U') 1.0749804266118854
(30000, 250, 0.01, 1e-05, 0.8) ('lr', 'D') 0.6779013323606227
(30000, 250, 0.0001, 1e-05, 0.8) ('lr', 'U') 1.0788482829788966
(30000, 250, 0.01, 1e-05, 0.8) ('batch_size', 'D') 1.1024969748734532
(20000, 250, 0.01, 1e-05, 0.8) ('dropout_param', 'D') 1.08519473584422
(20000, 250, 0.01, 1e-05, 0.5) ('dropout_param', 'D') 1.127474979085628
(20000, 250, 0.01, 1e-05, 0.3) ('n_epochs', 'D') 1.130730088905799
(20000, 200, 0.01, 1e-05, 0.3) ('weight_decay', 'D') 1.1266044274530114
(20000, 200, 0.01, 1e-08, 0.3) ('n_epochs', 'U') 1.9125252914428446
(20000, 250, 0.01, 1e-08, 0.3) ('dropout_param', 'U') 2.0075946998595926
(20000, 250, 0.01, 1e-08, 0.5) ('dropout_param', 'U') 3.649225826263401
(20000, 250, 0.01, 1e-08, 0.8) ('lr', 'D') 0.2991104362846738
(20000, 250, 0.0001, 1e-08, 0.8) ('weight_decay', 'U') 0.5941320499609011
(20000, 250, 0.0001, 1e-05, 0.8) ('batch_size', 'D') 0.6961144144662488
(10000, 250, 0.0001, 1e-05, 0.8) ('n_epochs', 'S') 0.7100741020617503
(10000, 250, 0.0001, 1e-05, 0.8) ('batch_size', 'D') 0.9424565737121814
(5000, 250, 0.0001, 1e-05, 0.8) ('lr', 'U') 1.1098506485839783
(5000, 250, 0.01, 1e-05, 0.8) ('lr', 'U') 1.115195845470937
(5000, 250, 0.1, 1e-05, 0.8) ('lr', 'D') 1.1328093885679127
(5000, 250, 0.01, 1e-05, 0.8) ('lr', 'U') 1.1123135000115418
(5000, 250, 0.1, 1e-05, 0.8) ('lr', 'D') 1.2573906775833845
(20000, 250, 1, 1e-05, 0.5) ('weight_decay', 'D') -1.6780279879610616
(20000, 250, 1, 1e-08, 0.5) ('batch_size', 'D') -1.6804292849490854
(10000, 250, 1, 1e-08, 0.5) ('batch_size', 'U') -1.6799435782200662
(20000, 250, 1, 1e-08, 0.5) ('lr', 'D') 1.9207361838168264
(20000, 250, 0.1, 1e-08, 0.5) ('batch_size', 'D') 1.918196162947678
(10000, 250, 0.1, 1e-08, 0.5) ('n_epochs', 'D') 2.144371295619975
(10000, 200, 0.1, 1e-08, 0.5) ('dropout_param', 'D') 2.052755476489919
(10000, 200, 0.1, 1e-08, 0.3) ('n_epochs', 'D') 1.9181814471008456
(10000, 150, 0.1, 1e-08, 0.3) ('n_epochs', 'U') 2.7578142579611074
(10000, 200, 0.1, 1e-08, 0.3) ('n_epochs', 'D') 3.5660216959328124
(10000, 150, 0.1, 1e-08, 0.3) ('lr', 'D') 7.9864216613767125
(10000, 150, 0.01, 1e-08, 0.3) ('n_epochs', 'D') 15.420968608855961
(10000, 100, 0.01, 1e-08, 0.3) ('n_epochs', 'U') 29.95996411409334
(10000, 150, 0.01, 1e-08, 0.3) ('n_epochs', 'D') 42.98425119964488
(10000, 100, 0.01, 1e-08, 0.3) ('n_epochs', 'U') 41.323339712190915
(10000, 150, 0.01, 1e-08, 0.3) ('batch_size', 'U') 5.731220321655034
(20000, 150, 0.01, 1e-08, 0.3) ('lr', 'U') 1.9625195791728265
(20000, 150, 0.1, 1e-08, 0.3) ('n_epochs', 'S') 2.0058125035583263
(20000, 150, 0.1, 1e-08, 0.3) ('n_epochs', 'S') 2.892549555769885
(20000, 150, 0.1, 1e-08, 0.3) ('n_epochs', 'D') 1.9815001418381533
(20000, 100, 0.1, 1e-08, 0.3) ('weight_decay', 'U') 2.1226505817648
(20000, 100, 0.1, 1e-05, 0.3) ('batch_size', 'D') 6.381387786864995
(10000, 100, 0.1, 1e-05, 0.3) ('lr', 'U') -1.7643626942888613
(10000, 100, 1, 1e-05, 0.3) ('dropout_param', 'U') -1.6738199570080017
(10000, 100, 1, 1e-05, 0.5) ('lr', 'D') 13.631935195922612
(10000, 100, 0.1, 1e-05, 0.5) ('batch_size', 'D') 10.668062305450306
(5000, 100, 0.1, 1e-05, 0.5) ('dropout_param', 'U') 21.274112796783314
(5000, 100, 0.1, 1e-05, 0.8) ('n_epochs', 'D') 1.1429989721803673
(5000, 10, 0.1, 1e-05, 0.8) ('n_epochs', 'U') 1.546706633547359
(5000, 100, 0.1, 1e-05, 0.8) ('n_epochs', 'D') 1.6789276725512121
(5000, 10, 0.1, 1e-05, 0.8) ('n_epochs', 'U') 1.9580126321921705
(5000, 100, 0.1, 1e-05, 0.8) ('n_epochs', 'D') 2.0761151299072695
(5000, 10, 0.1, 1e-05, 0.8) ('n_epochs', 'U') 2.534508950879385
(5000, 100, 0.1, 1e-05, 0.8) ('n_epochs', 'D') 2.370111917936681
(5000, 10, 0.1, 1e-05, 0.8) ('n_epochs', 'U') 3.0016839575981713
(5000, 100, 0.1, 1e-05, 0.8) ('n_epochs', 'D') 2.7553524435342953
(5000, 10, 0.1, 1e-05, 0.8) ('n_epochs', 'U') 2.8986626483884494
(5000, 100, 0.1, 1e-05, 0.8) ('n_epochs', 'D') 3.014029510417758
(5000, 10, 0.1, 1e-05, 0.8) ('n_epochs', 'U') 3.3856643200766996
(5000, 100, 0.1, 1e-05, 0.8) ('n_epochs', 'D') 3.6310253230688545
(5000, 10, 0.1, 1e-05, 0.8) ('n_epochs', 'U') 3.887486058687279
(5000, 100, 0.1, 1e-05, 0.8) ('n_epochs', 'D') 3.5359288003677767
(5000, 10, 0.1, 1e-05, 0.8) ('n_epochs', 'U') 4.14304607040429
(5000, 100, 0.1, 1e-05, 0.8) ('n_epochs', 'D') 4.352990403694234
(5000, 10, 0.1, 1e-05, 0.8) ('n_epochs', 'U') 4.156693150355769
(5000, 100, 0.1, 1e-05, 0.8) ('n_epochs', 'D') 4.277371561090092
(5000, 10, 0.1, 1e-05, 0.8) ('n_epochs', 'U') 4.676920031414506
(5000, 100, 0.1, 1e-05, 0.8) ('n_epochs', 'D') 4.821317880583767
(5000, 10, 0.1, 1e-05, 0.8) ('n_epochs', 'U') 5.134479974777062
(5000, 100, 0.1, 1e-05, 0.8) ('n_epochs', 'D') 5.362036969713879
(5000, 10, 0.1, 1e-05, 0.8) ('n_epochs', 'U') 5.4810445272536334
(5000, 100, 0.1, 1e-05, 0.8) ('n_epochs', 'D') 5.346138652423575
(5000, 10, 0.1, 1e-05, 0.8) ('n_epochs', 'U') 5.689876488202818
(5000, 100, 0.1, 1e-05, 0.8) ('n_epochs', 'D') 5.700574599507212
(5000, 10, 0.1, 1e-05, 0.8) ('n_epochs', 'U') 5.860751723184996
(5000, 100, 0.1, 1e-05, 0.8) ('n_epochs', 'D') 5.882512037558873
(5000, 10, 0.1, 1e-05, 0.8) ('n_epochs', 'U') 6.135790878360888
(5000, 100, 0.1, 1e-05, 0.8) ('n_epochs', 'D') 6.0780751631572105
(5000, 10, 0.1, 1e-05, 0.8) ('n_epochs', 'U') 6.339942363160745
(5000, 100, 0.1, 1e-05, 0.8) ('n_epochs', 'D') 6.2158706544529085
(5000, 10, 0.1, 1e-05, 0.8) ('n_epochs', 'U') 6.478815144977458
(5000, 100, 0.1, 1e-05, 0.8) ('n_epochs', 'D') 5.812306710637017
(5000, 10, 0.1, 1e-05, 0.8) ('n_epochs', 'U') 6.494208932137766
(5000, 100, 0.1, 1e-05, 0.8) ('n_epochs', 'D') 6.166397735288141
(5000, 10, 0.1, 1e-05, 0.8) ('n_epochs', 'U') 6.624514460479352
(5000, 100, 0.1, 1e-05, 0.8) ('n_epochs', 'D') 6.366671349376586
(5000, 10, 0.1, 1e-05, 0.8) ('n_epochs', 'U') 6.794713259839274
(5000, 100, 0.1, 1e-05, 0.8) ('n_epochs', 'D') 5.516898091824212
(5000, 10, 0.1, 1e-05, 0.8) ('n_epochs', 'U') 6.660468914969692
(5000, 100, 0.1, 1e-05, 0.8) ('n_epochs', 'D') 6.0158406640437745
(5000, 10, 0.1, 1e-05, 0.8) ('n_epochs', 'U') 6.590367413090851
(5000, 100, 0.1, 1e-05, 0.8) ('n_epochs', 'D') 4.694880549641907
(5000, 10, 0.1, 1e-05, 0.8) ('n_epochs', 'U') 6.074433288999293
(5000, 100, 0.1, 1e-05, 0.8) ('n_epochs', 'D') 5.32655720003952
(5000, 10, 0.1, 1e-05, 0.8) ('n_epochs', 'U') 6.120118618883766
(5000, 100, 0.1, 1e-05, 0.8) ('n_epochs', 'D') 5.494978888383311
(5000, 10, 0.1, 1e-05, 0.8) ('n_epochs', 'U') 6.096872422928778
(5000, 100, 0.1, 1e-05, 0.8) ('n_epochs', 'D') 5.592207313616318
(5000, 10, 0.1, 1e-05, 0.8) ('n_epochs', 'U') 6.07201718785956
(5000, 100, 0.1, 1e-05, 0.8) ('n_epochs', 'D') 5.7163699682893885
(5000, 10, 0.1, 1e-05, 0.8) ('n_epochs', 'U') 6.116226156973421
(5000, 100, 0.1, 1e-05, 0.8) ('n_epochs', 'D') 5.676153540457494
(5000, 10, 0.1, 1e-05, 0.8) ('n_epochs', 'U') 5.911288534437947
(5000, 100, 0.1, 1e-05, 0.8) ('n_epochs', 'D') 5.764386617864671
(5000, 10, 0.1, 1e-05, 0.8) ('n_epochs', 'U') 5.981631265110285
(5000, 100, 0.1, 1e-05, 0.8) ('n_epochs', 'D') 5.813769567537668
(5000, 10, 0.1, 1e-05, 0.8) ('n_epochs', 'U') 5.956212769064447
(5000, 100, 0.1, 1e-05, 0.8) ('n_epochs', 'D') 5.749971761338616
(5000, 10, 0.1, 1e-05, 0.8) ('n_epochs', 'U') 5.89297841500604
(5000, 100, 0.1, 1e-05, 0.8) ('n_epochs', 'D') 5.811610310056402
(5000, 10, 0.1, 1e-05, 0.8) ('n_epochs', 'U') 5.97611576662873
(5000, 100, 0.1, 1e-05, 0.8) ('n_epochs', 'D') 5.921034600344258
(5000, 10, 0.1, 1e-05, 0.8) ('n_epochs', 'U') 6.055888494130729
(5000, 100, 0.1, 1e-05, 0.8) ('n_epochs', 'D') 5.977477825936932
(5000, 10, 0.1, 1e-05, 0.8) ('n_epochs', 'U') 6.13899120469534
(5000, 100, 0.1, 1e-05, 0.8) ('n_epochs', 'D') 6.047119861756979
(5000, 10, 0.1, 1e-05, 0.8) ('n_epochs', 'U') 6.111821202158895
(5000, 100, 0.1, 1e-05, 0.8) ('n_epochs', 'D') 6.082675872149822
(5000, 10, 0.1, 1e-05, 0.8) ('n_epochs', 'U') 6.145270695575718
(5000, 100, 0.1, 1e-05, 0.8) ('n_epochs', 'D') 6.1641903215344644
(20000, 100, 0.1, 1, 0.8) ('weight_decay', 'D') 0.8962179458692371
(20000, 100, 0.1, 0.01, 0.8) ('weight_decay', 'U') -2.2855358189348163
(20000, 100, 0.1, 1, 0.8) ('dropout_param', 'D') -2.538554416703637
(20000, 100, 0.1, 1, 0.5) ('n_epochs', 'S') -2.240501060609922
(20000, 100, 0.1, 1, 0.5) ('dropout_param', 'D') -2.215913314068946
(20000, 100, 0.1, 1, 0.3) ('n_epochs', 'U') -2.3663198222600395
(20000, 150, 0.1, 1, 0.3) ('batch_size', 'U') -2.3513221330124425
(30000, 150, 0.1, 1, 0.3) ('n_epochs', 'D') -2.342733650244505
(30000, 100, 0.1, 1, 0.3) ('n_epochs', 'S') -2.460278418102576
(30000, 100, 0.1, 1, 0.3) ('dropout_param', 'U') -2.435896050514925
(30000, 100, 0.1, 1, 0.5) ('dropout_param', 'D') -2.2227517746863437
(30000, 100, 0.1, 1, 0.3) ('lr', 'U') -2.381468364969883
(30000, 100, 1, 1, 0.3) ('dropout_param', 'U') -2.3385383053873947
(30000, 100, 1, 1, 0.5) ('n_epochs', 'U') -2.8166189104805657
(30000, 150, 1, 1, 0.5) ('batch_size', 'D') -2.8493047275480845
(20000, 150, 1, 1, 0.5) ('lr', 'D') -2.216204562960785
(20000, 150, 0.1, 1, 0.5) ('n_epochs', 'U') -2.466884173047354
(20000, 200, 0.1, 1, 0.5) ('n_epochs', 'S') -2.371646712838176
(20000, 200, 0.1, 1, 0.5) ('n_epochs', 'U') -2.513978711051695
(20000, 250, 0.1, 1, 0.5) ('lr', 'U') -2.7854109965960165
(20000, 250, 1, 1, 0.5) ('batch_size', 'U') -1.9262752901875668
(30000, 250, 1, 1, 0.5) ('dropout_param', 'U') -2.367424491550174
(30000, 250, 1, 1, 0.8) ('n_epochs', 'D') -4.300644974100623
(30000, 200, 1, 1, 0.8) ('lr', 'D') -2.4379382585648446
(30000, 200, 0.1, 1, 0.8) ('lr', 'U') -2.5842365550522057
(30000, 200, 1, 1, 0.8) ('batch_size', 'D') -1.2487898519766154
(20000, 200, 1, 1, 0.8) ('lr', 'D') -0.9550707988748051
(20000, 200, 0.1, 1, 0.8) ('dropout_param', 'D') -0.7631757548240166
(20000, 200, 0.1, 1, 0.5) ('dropout_param', 'U') -0.7800045887032119
(20000, 200, 0.1, 1, 0.8) ('batch_size', 'D') -0.762317971285428
(10000, 200, 0.1, 1, 0.8) ('lr', 'D') -0.7717160038571058
(10000, 200, 0.01, 1, 0.8) ('weight_decay', 'D') 1.4729064006886952
(10000, 200, 0.01, 0.01, 0.8) ('n_epochs', 'S') 1.4788817487965127
(10000, 200, 0.01, 0.01, 0.8) ('n_epochs', 'S') 1.9084844329717392
(10000, 200, 0.01, 0.01, 0.8) ('n_epochs', 'S') 2.3416580052226212
(10000, 200, 0.01, 0.01, 0.8) ('n_epochs', 'S') 2.720793649245037
(10000, 200, 0.01, 0.01, 0.8) ('n_epochs', 'S') 3.142730884688894
(10000, 200, 0.01, 0.01, 0.8) ('n_epochs', 'S') 3.533484098106367
(10000, 200, 0.01, 0.01, 0.8) ('n_epochs', 'S') 3.9174096443169364
(10000, 200, 0.01, 0.01, 0.8) ('n_epochs', 'S') 4.311137394222853
(10000, 200, 0.01, 0.01, 0.8) ('n_epochs', 'S') 4.700254627906968
(10000, 200, 0.01, 0.01, 0.8) ('n_epochs', 'S') 5.060819127395509
(10000, 200, 0.01, 0.01, 0.8) ('n_epochs', 'S') 5.3999355627850605
(10000, 200, 0.01, 0.01, 0.8) ('n_epochs', 'S') 5.752979508522244
(10000, 200, 0.01, 0.01, 0.8) ('n_epochs', 'S') 6.135872344778389
(10000, 200, 0.01, 0.01, 0.8) ('n_epochs', 'S') 6.4828656551805
(10000, 200, 0.01, 0.01, 0.8) ('n_epochs', 'S') 6.8229298920906665
(10000, 200, 0.01, 0.01, 0.8) ('n_epochs', 'S') 7.141469782077911
(10000, 200, 0.01, 0.01, 0.8) ('n_epochs', 'S') 6.971857797216773
(10000, 200, 0.01, 0.01, 0.8) ('n_epochs', 'S') 7.312652638493612
(10000, 200, 0.01, 0.01, 0.8) ('n_epochs', 'S') 7.492223717439199
(10000, 200, 0.01, 0.01, 0.8) ('n_epochs', 'S') 7.680396795372648
(10000, 200, 0.01, 0.01, 0.8) ('n_epochs', 'S') 7.876145625205241
(10000, 200, 0.01, 0.01, 0.8) ('n_epochs', 'S') 8.034312181754252
(10000, 200, 0.01, 0.01, 0.8) ('n_epochs', 'S') 8.215072166861438
(10000, 200, 0.01, 0.01, 0.8) ('n_epochs', 'S') 8.396625165745856
(10000, 200, 0.01, 0.01, 0.8) ('n_epochs', 'S') 8.550468941825416
(10000, 200, 0.01, 0.01, 0.8) ('n_epochs', 'S') 8.694871663682601
(10000, 200, 0.01, 0.01, 0.8) ('n_epochs', 'S') 8.860881417667267
(10000, 200, 0.01, 0.01, 0.8) ('n_epochs', 'S') 9.018081936211704
(10000, 200, 0.01, 0.01, 0.8) ('n_epochs', 'S') 9.181405629883992
(10000, 200, 0.01, 0.01, 0.8) ('n_epochs', 'S') 9.325690454978796
(10000, 200, 0.01, 0.01, 0.8) ('n_epochs', 'S') 9.464127486933576
(10000, 200, 0.01, 0.01, 0.8) ('n_epochs', 'S') 9.584038668384457
(10000, 200, 0.01, 0.01, 0.8) ('n_epochs', 'S') 9.695110578740996
(10000, 200, 0.01, 0.01, 0.8) ('n_epochs', 'S') 9.849426131722277
(10000, 200, 0.01, 0.01, 0.8) ('n_epochs', 'S') 9.988790616477846
(10000, 200, 0.01, 0.01, 0.8) ('n_epochs', 'S') 10.135950940658013
(10000, 200, 0.01, 0.01, 0.8) ('n_epochs', 'S') 10.280640343843496
(10000, 200, 0.01, 0.01, 0.8) ('n_epochs', 'S') 10.420681189612091
(10000, 200, 0.01, 0.01, 0.8) ('n_epochs', 'S') 10.3365893999603
(10000, 200, 0.01, 0.01, 0.8) ('n_epochs', 'S') 10.464592762577373
(10000, 200, 0.01, 0.01, 0.8) ('n_epochs', 'S') 10.594268630055492
(10000, 200, 0.01, 0.01, 0.8) ('n_epochs', 'S') 10.708089675959968
(10000, 200, 0.01, 0.01, 0.8) ('n_epochs', 'S') 10.835535645561944
(10000, 200, 0.01, 0.01, 0.8) ('n_epochs', 'S') 10.879338282339482
(10000, 200, 0.01, 0.01, 0.8) ('n_epochs', 'S') 10.924715553926506
(10000, 200, 0.01, 0.01, 0.8) ('n_epochs', 'S') 10.97203229137843
(10000, 200, 0.01, 0.01, 0.8) ('n_epochs', 'S') 11.019272538314768
(10000, 200, 0.01, 0.01, 0.8) ('n_epochs', 'S') 11.05059043415809
(10000, 200, 0.01, 0.01, 0.8) ('n_epochs', 'S') 11.098893972698766
(10000, 200, 0.01, 0.01, 0.8) ('n_epochs', 'S') 11.142388407262661
(10000, 200, 0.01, 0.01, 0.8) ('n_epochs', 'S') 11.185773128936491
(10000, 200, 0.01, 0.01, 0.8) ('n_epochs', 'S') 11.229526456150627
(10000, 200, 0.01, 0.01, 0.8) ('n_epochs', 'S') 11.273829516635674
(10000, 200, 0.01, 0.01, 0.8) ('n_epochs', 'S') 11.30864660909357
(10000, 200, 0.01, 0.01, 0.8) ('n_epochs', 'S') 11.357974186265901
(10000, 200, 0.01, 0.01, 0.8) ('n_epochs', 'S') 11.392908279467179
(10000, 200, 0.01, 0.01, 0.8) ('n_epochs', 'S') 11.434276009771668
(10000, 200, 0.01, 0.01, 0.8) ('n_epochs', 'S') 11.476777351729423
(10000, 200, 0.01, 0.01, 0.8) ('n_epochs', 'S') 11.516720532547017
(10000, 200, 0.01, 0.01, 0.8) ('n_epochs', 'S') 11.555186456348531
(10000, 200, 0.01, 0.01, 0.8) ('n_epochs', 'S') 11.59327631019272
(10000, 200, 0.01, 0.01, 0.8) ('n_epochs', 'S') 11.631459650037508
(10000, 200, 0.01, 0.01, 0.8) ('n_epochs', 'S') 11.675615135888862
(10000, 200, 0.01, 0.01, 0.8) ('n_epochs', 'S') 11.71366453023509
(10000, 200, 0.01, 0.01, 0.8) ('n_epochs', 'S') 11.747878165254031
(10000, 200, 0.01, 0.01, 0.8) ('n_epochs', 'S') 11.763540996006038
(10000, 200, 0.01, 0.01, 0.8) ('n_epochs', 'S') 11.803273343178017
(10000, 200, 0.01, 0.01, 0.8) ('n_epochs', 'S') 11.843221063900437
(30000, 150, 0.0001, 1e-08, 0.5) ('lr', 'U') 19.00498689271041
(30000, 150, 0.01, 1e-08, 0.5) ('dropout_param', 'U') 1.9659368388650553
(30000, 150, 0.01, 1e-08, 0.8) ('batch_size', 'D') 1.7839262227812707
(20000, 150, 0.01, 1e-08, 0.8) ('weight_decay', 'U') 1.8730391673622524
(20000, 150, 0.01, 1e-05, 0.8) ('dropout_param', 'D') 1.7721869554941545
(20000, 150, 0.01, 1e-05, 0.5) ('n_epochs', 'U') 5.434031562804936
(20000, 200, 0.01, 1e-05, 0.5) ('n_epochs', 'U') 20.47648958123907
(20000, 250, 0.01, 1e-05, 0.5) ('dropout_param', 'D') 19.85419089430242
(20000, 250, 0.01, 1e-05, 0.3) ('n_epochs', 'D') 4.31617079228747
(20000, 200, 0.01, 1e-05, 0.3) ('weight_decay', 'D') 2.91982037848582
(20000, 200, 0.01, 1e-08, 0.3) ('n_epochs', 'U') 3.13209793151253
(20000, 250, 0.01, 1e-08, 0.3) ('lr', 'D') -2.8019280341870068
(20000, 250, 0.0001, 1e-08, 0.3) ('n_epochs', 'D') -1.6314615996522948
(20000, 200, 0.0001, 1e-08, 0.3) ('batch_size', 'U') -2.065167481370403
(30000, 200, 0.0001, 1e-08, 0.3) ('lr', 'D') -3.3996540722946262
(30000, 200, 1e-06, 1e-08, 0.3) ('n_epochs', 'S') -2.3132396406275393
(30000, 200, 1e-06, 1e-08, 0.3) ('n_epochs', 'D') -4.173417577382383
(30000, 150, 1e-06, 1e-08, 0.3) ('weight_decay', 'U') -2.60694791561242
(30000, 150, 1e-06, 1e-05, 0.3) ('n_epochs', 'D') -2.9009950562845424
(30000, 100, 1e-06, 1e-05, 0.3) ('n_epochs', 'S') -2.2011569469378083
(30000, 100, 1e-06, 1e-05, 0.3) ('batch_size', 'D') -3.908149742202819
(20000, 100, 1e-06, 1e-05, 0.3) ('weight_decay', 'D') -2.0122935551619836
(20000, 100, 1e-06, 1e-08, 0.3) ('batch_size', 'U') -3.5730692576104417
(30000, 100, 1e-06, 1e-08, 0.3) ('n_epochs', 'D') -3.485683114131869
(30000, 10, 1e-06, 1e-08, 0.3) ('n_epochs', 'U') -1.8587329598857276
(30000, 100, 1e-06, 1e-08, 0.3) ('weight_decay', 'U') -0.8735730271003042
(30000, 100, 1e-06, 1e-05, 0.3) ('weight_decay', 'U') -0.49994730662016584
(30000, 100, 1e-06, 0.001, 0.3) ('weight_decay', 'D') -0.6909702635358506
(30000, 100, 1e-06, 1e-05, 0.3) ('batch_size', 'D') -3.2358672176077077
(20000, 100, 1e-06, 1e-05, 0.3) ('n_epochs', 'S') -0.5772107506065693
(20000, 100, 1e-06, 1e-05, 0.3) ('batch_size', 'U') -2.329722397573684
(30000, 100, 1e-06, 1e-05, 0.3) ('n_epochs', 'U') -0.6815540942563643
(30000, 150, 1e-06, 1e-05, 0.3) ('weight_decay', 'U') -1.9259875664351163
(30000, 150, 1e-06, 0.001, 0.3) ('batch_size', 'D') -3.1441846468386228
(20000, 150, 1e-06, 0.001, 0.3) ('n_epochs', 'S') -0.5346554543956983
(20000, 150, 1e-06, 0.001, 0.3) ('batch_size', 'D') -0.47613860374349093
(10000, 150, 1e-06, 0.001, 0.3) ('batch_size', 'D') -2.026008754684623
(5000, 150, 1e-06, 0.001, 0.3) ('weight_decay', 'U') -0.5108944030494391
(5000, 150, 1e-06, 0.01, 0.3) ('batch_size', 'U') -0.8491921651906487
(10000, 150, 1e-06, 0.01, 0.3) ('n_epochs', 'S') -0.4712073188226191
(10000, 150, 1e-06, 0.01, 0.3) ('dropout_param', 'U') -1.7559749217843694
(10000, 150, 1e-06, 0.01, 0.5) ('batch_size', 'D') -0.5025367978973612
(5000, 150, 1e-06, 0.01, 0.5) ('n_epochs', 'U') -0.528459588563917
(5000, 200, 1e-06, 0.01, 0.5) ('lr', 'U') 1.4910471350671757
(5000, 200, 0.0001, 0.01, 0.5) ('dropout_param', 'D') 1.600583731188094
(5000, 200, 0.0001, 0.01, 0.3) ('lr', 'U') 1.5399918769386098
(5000, 200, 0.01, 0.01, 0.3) ('lr', 'U') 0.9769189698234392
(5000, 200, 0.1, 0.01, 0.3) ('lr', 'D') 1.5485982797212388
(5000, 200, 0.01, 0.01, 0.3) ('n_epochs', 'S') 1.5658617764529041
(5000, 200, 0.01, 0.01, 0.3) ('n_epochs', 'S') 2.1105556481487326
(5000, 200, 0.01, 0.01, 0.3) ('n_epochs', 'S') 2.41800342012202
(5000, 200, 0.01, 0.01, 0.3) ('n_epochs', 'S') 2.7205369816633285
(5000, 200, 0.01, 0.01, 0.3) ('n_epochs', 'S') 3.022032183143147
(5000, 200, 0.01, 0.01, 0.3) ('n_epochs', 'S') 3.3343382804122728
(5000, 200, 0.01, 0.01, 0.3) ('n_epochs', 'S') 3.6181570903103393
(5000, 200, 0.01, 0.01, 0.3) ('n_epochs', 'S') 3.9141486888948887
(5000, 200, 0.01, 0.01, 0.3) ('n_epochs', 'S') 4.178204067429984
(5000, 200, 0.01, 0.01, 0.3) ('n_epochs', 'S') 4.458752759733459
(5000, 200, 0.01, 0.01, 0.3) ('n_epochs', 'S') 4.740336020212702
(5000, 200, 0.01, 0.01, 0.3) ('n_epochs', 'S') 5.013673873349623
(5000, 200, 0.01, 0.01, 0.3) ('n_epochs', 'S') 5.287010949795215
(5000, 200, 0.01, 0.01, 0.3) ('n_epochs', 'S') 5.56210685187166
(5000, 200, 0.01, 0.01, 0.3) ('n_epochs', 'S') 5.842467053908764
(5000, 200, 0.01, 0.01, 0.3) ('n_epochs', 'S') 6.089467078632254
(5000, 200, 0.01, 0.01, 0.3) ('n_epochs', 'S') 6.329868799373072
(5000, 200, 0.01, 0.01, 0.3) ('n_epochs', 'S') 6.583850138047181
(5000, 200, 0.01, 0.01, 0.3) ('n_epochs', 'S') 6.837082222717229
(5000, 200, 0.01, 0.01, 0.3) ('n_epochs', 'S') 7.073918881086082
(5000, 200, 0.01, 0.01, 0.3) ('n_epochs', 'S') 7.319048033373569
(5000, 200, 0.01, 0.01, 0.3) ('n_epochs', 'S') 7.543981820316471
(5000, 200, 0.01, 0.01, 0.3) ('n_epochs', 'S') 7.798392350587358
(5000, 200, 0.01, 0.01, 0.3) ('n_epochs', 'S') 8.025189341480388
(5000, 200, 0.01, 0.01, 0.3) ('n_epochs', 'S') 8.262299613343968
(5000, 200, 0.01, 0.01, 0.3) ('n_epochs', 'S') 8.47539414776959
(5000, 200, 0.01, 0.01, 0.3) ('n_epochs', 'S') 8.688424185685209
(5000, 200, 0.01, 0.01, 0.3) ('n_epochs', 'S') 8.756685169631591
(5000, 200, 0.01, 0.01, 0.3) ('n_epochs', 'S') 8.831326748851875
(5000, 200, 0.01, 0.01, 0.3) ('n_epochs', 'S') 8.893824027099448
(5000, 200, 0.01, 0.01, 0.3) ('n_epochs', 'S') 8.963475311408232
(5000, 200, 0.01, 0.01, 0.3) ('n_epochs', 'S') 9.037339206159233
(5000, 200, 0.01, 0.01, 0.3) ('n_epochs', 'S') 9.109631858515108
(5000, 200, 0.01, 0.01, 0.3) ('n_epochs', 'S') 9.176586778418946
(5000, 200, 0.01, 0.01, 0.3) ('n_epochs', 'S') 9.243479281996697
(5000, 200, 0.01, 0.01, 0.3) ('n_epochs', 'S') 9.30863933871274
(5000, 200, 0.01, 0.01, 0.3) ('n_epochs', 'S') 9.37377535419963
(5000, 200, 0.01, 0.01, 0.3) ('n_epochs', 'S') 9.440318670530043
(5000, 200, 0.01, 0.01, 0.3) ('n_epochs', 'S') 9.50052411481066
(5000, 200, 0.01, 0.01, 0.3) ('n_epochs', 'S') 9.564057606513435
(5000, 200, 0.01, 0.01, 0.3) ('n_epochs', 'S') 9.62886708187676
(5000, 200, 0.01, 0.01, 0.3) ('n_epochs', 'S') 9.689741682957429
(5000, 200, 0.01, 0.01, 0.3) ('n_epochs', 'S') 9.756961087749582
(5000, 200, 0.01, 0.01, 0.3) ('n_epochs', 'S') 9.8225065810722
(5000, 200, 0.01, 0.01, 0.3) ('n_epochs', 'S') 9.89525014415992
(5000, 200, 0.01, 0.01, 0.3) ('n_epochs', 'S') 9.95511441591186
(5000, 200, 0.01, 0.01, 0.3) ('n_epochs', 'S') 10.019638034505384
(5000, 200, 0.01, 0.01, 0.3) ('n_epochs', 'S') 10.081982037589418
(5000, 200, 0.01, 0.01, 0.3) ('n_epochs', 'S') 10.14588146911558
(5000, 200, 0.01, 0.01, 0.3) ('n_epochs', 'S') 10.212730358987395
(5000, 200, 0.01, 0.01, 0.3) ('n_epochs', 'S') 10.283332950589578
(5000, 200, 0.01, 0.01, 0.3) ('n_epochs', 'S') 10.349640388384962
(20000, 10, 1e-06, 1e-08, 0.5) ('dropout_param', 'U') -2.690242023782363
(20000, 10, 1e-06, 1e-08, 0.8) ('weight_decay', 'U') -1.748638953765798
(20000, 10, 1e-06, 1e-05, 0.8) ('n_epochs', 'U') -1.8723945367661412
(20000, 100, 1e-06, 1e-05, 0.8) ('dropout_param', 'D') -4.560446203320157
(20000, 100, 1e-06, 1e-05, 0.5) ('batch_size', 'U') -4.0713299897079995
(30000, 100, 1e-06, 1e-05, 0.5) ('weight_decay', 'D') -1.855196643254804
(30000, 100, 1e-06, 1e-08, 0.5) ('lr', 'U') -1.9358032224990511
(30000, 100, 0.0001, 1e-08, 0.5) ('n_epochs', 'D') -3.7296704565734373
(30000, 10, 0.0001, 1e-08, 0.5) ('dropout_param', 'D') -1.7171070772024026
(30000, 10, 0.0001, 1e-08, 0.3) ('n_epochs', 'S') -2.0936743504923587
(30000, 10, 0.0001, 1e-08, 0.3) ('n_epochs', 'U') -1.7096331607591
(30000, 100, 0.0001, 1e-08, 0.3) ('weight_decay', 'U') -2.264490880699245
(30000, 100, 0.0001, 1e-05, 0.3) ('weight_decay', 'U') -3.4535868457893955
(30000, 100, 0.0001, 0.001, 0.3) ('dropout_param', 'U') -1.9733717573702672
(30000, 100, 0.0001, 0.001, 0.5) ('batch_size', 'D') -3.1358877809348975
(20000, 100, 0.0001, 0.001, 0.5) ('n_epochs', 'S') -1.7410502867471815
(20000, 100, 0.0001, 0.001, 0.5) ('weight_decay', 'U') -0.8643246088738092
(20000, 100, 0.0001, 0.01, 0.5) ('weight_decay', 'D') -2.5201426480121443
(20000, 100, 0.0001, 0.001, 0.5) ('lr', 'D') -4.658513000542115
(20000, 100, 1e-06, 0.001, 0.5) ('n_epochs', 'S') -1.8129543889494006
(20000, 100, 1e-06, 0.001, 0.5) ('lr', 'U') -1.8424707019956772
(20000, 100, 0.0001, 0.001, 0.5) ('batch_size', 'D') 0.7318146403497987
(10000, 100, 0.0001, 0.001, 0.5) ('n_epochs', 'U') 0.2982634541206596
(10000, 150, 0.0001, 0.001, 0.5) ('weight_decay', 'U') -1.6767126787225886
(10000, 150, 0.0001, 0.01, 0.5) ('weight_decay', 'U') -2.34176821761893
(10000, 150, 0.0001, 1, 0.5) ('batch_size', 'U') -0.6271845775921299
(20000, 150, 0.0001, 1, 0.5) ('batch_size', 'U') -0.7028137016813409
(30000, 150, 0.0001, 1, 0.5) ('batch_size', 'D') -1.1782700773092833
(20000, 150, 0.0001, 1, 0.5) ('lr', 'D') -0.7348279290635182
(20000, 150, 1e-06, 1, 0.5) ('lr', 'U') -1.7297291810900197
(20000, 150, 0.0001, 1, 0.5) ('dropout_param', 'D') -0.7043709624451693
(20000, 150, 0.0001, 1, 0.3) ('n_epochs', 'U') -0.5340047627993711
(20000, 200, 0.0001, 1, 0.3) ('weight_decay', 'D') -0.6781447553114552
(20000, 200, 0.0001, 0.01, 0.3) ('batch_size', 'U') -0.7212271139604147
(30000, 200, 0.0001, 0.01, 0.3) ('dropout_param', 'U') -0.6899927097358911
(30000, 200, 0.0001, 0.01, 0.5) ('lr', 'D') -2.6098474599733463
(30000, 200, 1e-06, 0.01, 0.5) ('weight_decay', 'D') -0.8320297896258295
(30000, 200, 1e-06, 0.001, 0.5) ('lr', 'U') -1.2232770503851937
(30000, 200, 0.0001, 0.001, 0.5) ('dropout_param', 'U') -0.6084776392990192
(30000, 200, 0.0001, 0.001, 0.8) ('batch_size', 'D') -1.5812034493526652
(20000, 200, 0.0001, 0.001, 0.8) ('lr', 'D') -1.022391950383335
(20000, 200, 1e-06, 0.001, 0.8) ('n_epochs', 'S') -1.5867696772954907
(20000, 200, 1e-06, 0.001, 0.8) ('weight_decay', 'U') -1.2008176968724853
(20000, 200, 1e-06, 0.01, 0.8) ('weight_decay', 'D') -0.5487411077699824
(20000, 200, 1e-06, 0.001, 0.8) ('n_epochs', 'D') -1.3999636716920825
(20000, 150, 1e-06, 0.001, 0.8) ('batch_size', 'U') -0.7038869592637389
(30000, 150, 1e-06, 0.001, 0.8) ('n_epochs', 'S') -0.58944128842001
(30000, 150, 1e-06, 0.001, 0.8) ('n_epochs', 'D') -0.9114475568692355
(30000, 100, 1e-06, 0.001, 0.8) ('dropout_param', 'D') -0.8983314087119374
(30000, 100, 1e-06, 0.001, 0.5) ('weight_decay', 'U') -0.6438693304540997
(30000, 100, 1e-06, 0.01, 0.5) ('lr', 'U') 0.03858933874232795
(30000, 100, 0.0001, 0.01, 0.5) ('dropout_param', 'D') 0.05989278149902466
(30000, 100, 0.0001, 0.01, 0.3) ('lr', 'D') -0.22643596791700005
(30000, 100, 1e-06, 0.01, 0.3) ('n_epochs', 'S') -0.05865403265959945
(30000, 100, 1e-06, 0.01, 0.3) ('lr', 'U') 0.11786451895016714
(30000, 100, 0.0001, 0.01, 0.3) ('n_epochs', 'U') 0.10854019575770468
(30000, 150, 0.0001, 0.01, 0.3) ('lr', 'U') 1.3324101595241664
(30000, 150, 0.01, 0.01, 0.3) ('dropout_param', 'U') 1.3660315662489118
(30000, 150, 0.01, 0.01, 0.5) ('n_epochs', 'S') 1.3438155226040869
(30000, 150, 0.01, 0.01, 0.5) ('n_epochs', 'S') 1.6527811047180567
(30000, 150, 0.01, 0.01, 0.5) ('n_epochs', 'S') 1.9986727726638542
(30000, 150, 0.01, 0.01, 0.5) ('n_epochs', 'S') 2.3501279509100717
(30000, 150, 0.01, 0.01, 0.5) ('n_epochs', 'S') 2.653178774022429
(30000, 150, 0.01, 0.01, 0.5) ('n_epochs', 'S') 2.9547108957921533
(30000, 150, 0.01, 0.01, 0.5) ('n_epochs', 'S') 3.2624665645090163
(30000, 150, 0.01, 0.01, 0.5) ('n_epochs', 'S') 3.5787240487650456
(30000, 150, 0.01, 0.01, 0.5) ('n_epochs', 'S') 3.867853330431505
(30000, 150, 0.01, 0.01, 0.5) ('n_epochs', 'S') 4.171134089304974
(30000, 150, 0.01, 0.01, 0.5) ('n_epochs', 'S') 4.450094317683617
(30000, 150, 0.01, 0.01, 0.5) ('n_epochs', 'S') 4.745270884752309
(30000, 150, 0.01, 0.01, 0.5) ('n_epochs', 'S') 5.029512335484964
(30000, 150, 0.01, 0.01, 0.5) ('n_epochs', 'S') 5.289953697411527
(30000, 150, 0.01, 0.01, 0.5) ('n_epochs', 'S') 5.5464108658426765
(30000, 150, 0.01, 0.01, 0.5) ('n_epochs', 'S') 5.792369908556361
(30000, 150, 0.01, 0.01, 0.5) ('n_epochs', 'S') 6.083622349519103
(30000, 150, 0.01, 0.01, 0.5) ('n_epochs', 'S') 6.161594451220017
(30000, 150, 0.01, 0.01, 0.5) ('n_epochs', 'S') 6.244374488552644
(30000, 150, 0.01, 0.01, 0.5) ('n_epochs', 'S') 6.343657716918909
(30000, 150, 0.01, 0.01, 0.5) ('n_epochs', 'S') 6.427282309677844
(30000, 150, 0.01, 0.01, 0.5) ('n_epochs', 'S') 6.51230613229018
(30000, 150, 0.01, 0.01, 0.5) ('n_epochs', 'S') 6.5554102093696764
(30000, 150, 0.01, 0.01, 0.5) ('n_epochs', 'S') 6.639219426667408
(30000, 150, 0.01, 0.01, 0.5) ('n_epochs', 'S') 6.723801495716036
(30000, 150, 0.01, 0.01, 0.5) ('n_epochs', 'S') 6.803403483204079
(30000, 150, 0.01, 0.01, 0.5) ('n_epochs', 'S') 6.880469048917308
(30000, 150, 0.01, 0.01, 0.5) ('n_epochs', 'S') 6.956212418759079
(30000, 150, 0.01, 0.01, 0.5) ('n_epochs', 'S') 7.033746542714608
(30000, 150, 0.01, 0.01, 0.5) ('n_epochs', 'S') 7.110314953962426
(30000, 150, 0.01, 0.01, 0.5) ('n_epochs', 'S') 7.184095068431459
(30000, 150, 0.01, 0.01, 0.5) ('n_epochs', 'S') 7.259759217404344
(30000, 150, 0.01, 0.01, 0.5) ('n_epochs', 'S') 7.26642752732821
(30000, 150, 0.01, 0.01, 0.5) ('n_epochs', 'S') 7.350970815049243
(30000, 150, 0.01, 0.01, 0.5) ('n_epochs', 'S') 7.436851865708467
(30000, 150, 0.01, 0.01, 0.5) ('n_epochs', 'S') 7.522470439962782
(30000, 150, 0.01, 0.01, 0.5) ('n_epochs', 'S') 7.593709532200835
(30000, 150, 0.01, 0.01, 0.5) ('n_epochs', 'S') 7.670671212677405
(30000, 150, 0.01, 0.01, 0.5) ('n_epochs', 'S') 7.666531997372332
(30000, 150, 0.01, 0.01, 0.5) ('n_epochs', 'S') 7.752032388162334
(30000, 150, 0.01, 0.01, 0.5) ('n_epochs', 'S') 7.8424480489837665
(30000, 150, 0.01, 0.01, 0.5) ('n_epochs', 'S') 7.923751600319337
