(30000, 100, 1e-06, 1, 0.5) ('dropout_param', 'U') -2.3787948303122937
(30000, 100, 1e-06, 1, 0.8) ('n_epochs', 'S') -3.572543465619842
(30000, 100, 1e-06, 1, 0.8) ('n_epochs', 'U') -3.8349672240265384
(30000, 150, 1e-06, 1, 0.8) ('weight_decay', 'D') -2.406097727035313
(30000, 150, 1e-06, 0.01, 0.8) ('weight_decay', 'D') -1.8554222581163171
(30000, 150, 1e-06, 0.001, 0.8) ('n_epochs', 'D') -3.940090864708405
(30000, 100, 1e-06, 0.001, 0.8) ('n_epochs', 'U') -1.7856377909340497
(30000, 150, 1e-06, 0.001, 0.8) ('n_epochs', 'U') -3.677433077903518
(30000, 200, 1e-06, 0.001, 0.8) ('weight_decay', 'D') -2.1086171384850596
(30000, 200, 1e-06, 1e-05, 0.8) ('batch_size', 'D') -1.7047407790080515
(20000, 200, 1e-06, 1e-05, 0.8) ('lr', 'U') -1.8969326960197082
(20000, 200, 0.0001, 1e-05, 0.8) ('n_epochs', 'U') -2.229511019297085
(20000, 250, 0.0001, 1e-05, 0.8) ('n_epochs', 'D') -2.3232892447637505
(20000, 200, 0.0001, 1e-05, 0.8) ('n_epochs', 'S') -2.15942145347445
(20000, 200, 0.0001, 1e-05, 0.8) ('batch_size', 'U') -3.1090667935891574
(30000, 200, 0.0001, 1e-05, 0.8) ('dropout_param', 'D') -3.4416086591458583
(30000, 200, 0.0001, 1e-05, 0.5) ('weight_decay', 'D') -1.6924311528156974
(30000, 200, 0.0001, 1e-08, 0.5) ('n_epochs', 'S') -2.361790664036605
(30000, 200, 0.0001, 1e-08, 0.5) ('n_epochs', 'D') -2.788212188017825
(30000, 150, 0.0001, 1e-08, 0.5) ('lr', 'U') 2.124751884575293
(30000, 150, 0.01, 1e-08, 0.5) ('weight_decay', 'U') 2.001737993430856
(30000, 150, 0.01, 1e-05, 0.5) ('weight_decay', 'D') 2.9758414534390347
(30000, 150, 0.01, 1e-08, 0.5) ('weight_decay', 'U') 3.955604976991914
(30000, 150, 0.01, 1e-05, 0.5) ('weight_decay', 'D') 4.7979441363440944
(30000, 150, 0.01, 1e-08, 0.5) ('weight_decay', 'U') 5.707135438706452
(30000, 150, 0.01, 1e-05, 0.5) ('weight_decay', 'D') 5.724540261268172
(30000, 150, 0.01, 1e-08, 0.5) ('weight_decay', 'U') 8.76828432194058
(30000, 150, 0.01, 1e-05, 0.5) ('weight_decay', 'D') 12.844177439262516
